1403636579763555840.000000 0.000000000 0.000000000 0.000000000 -0.000000000 -0.000000000 -0.000000000 1.000000000
1403636579913555712.000000 0.000093245 0.011393300 0.004320038 -0.005947226 0.005665538 -0.002797830 0.999962330
1403636579963555584.000000 -0.000023473 0.016287778 0.005767900 -0.012019230 0.005658390 -0.002825551 0.999907792
1403636580113555456.000000 -0.000427784 0.031788912 0.010319378 -0.023284089 0.005476832 0.001585824 0.999712646
1403636580313555456.000000 -0.000935300 0.049965627 0.014793403 -0.033943504 0.004742063 -0.000317911 0.999412477
1403636580513555456.000000 -0.001595067 0.060827535 0.016298098 -0.064382486 0.002974319 -0.002819731 0.997916877
1403636580763555840.000000 -0.002400262 0.043273166 0.011576861 -0.063027844 0.004066678 -0.006563306 0.997981966
1403636582263555840.000000 -0.000673788 0.053049229 0.014233904 -0.062587172 0.017322803 -0.010531793 0.997833610
1403636582963555584.000000 -0.001290140 -0.026536342 -0.005323696 0.004300442 0.039951913 -0.003992705 0.999184370
1403636583963555584.000000 0.003176097 0.052787933 0.015569755 -0.062794417 0.030123197 -0.010443741 0.997517109
1403636586513555456.000000 0.001335781 0.022611633 -0.007064910 -0.195030585 0.044656198 0.013935911 0.979680896
1403636587163555584.000000 0.008671377 0.019589866 -0.005932818 -0.191728607 0.025955670 0.003474136 0.981098533
1403636587663555584.000000 0.032434914 0.017354000 -0.000280252 -0.195602149 0.035175141 0.016499890 0.979913414
1403636588013555456.000000 0.058351975 0.016088117 0.002747529 -0.195381537 0.061420158 0.027730381 0.978409231
1403636588363555584.000000 0.070945941 0.018332548 0.004152526 -0.200955838 0.062812269 0.032194674 0.977054179
1403636589013555456.000000 0.041993149 0.018546643 -0.001154847 -0.200125709 0.046009179 0.028462175 0.978275418
1403636589713555456.000000 -0.024852270 0.019819034 -0.008244966 -0.192084327 0.017148759 0.010434928 0.981173098
1403636590013555456.000000 -0.047584262 0.023715515 -0.009874532 -0.201216891 -0.008433682 0.007767781 0.979479611
1403636590313555456.000000 -0.053901128 0.023454910 -0.011174747 -0.190360934 -0.017977783 0.004771721 0.981537998
1403636590713555456.000000 -0.030866917 0.021155665 -0.012928864 -0.187384844 0.007489034 0.001989343 0.982256055
1403636591013555456.000000 -0.002820465 0.020720882 -0.011257883 -0.198456347 0.016348572 0.009481695 0.979927480
1403636591363555584.000000 0.026022844 0.020855539 -0.007470823 -0.201365814 0.020766983 0.016009260 0.979165077
1403636591663555584.000000 0.037876911 0.023649342 -0.001754845 -0.181983799 0.048186418 0.020595212 0.981904149
1403636592013555456.000000 0.043205976 0.022291690 0.004518618 -0.139192879 0.083317332 0.026485164 0.986398578
1403636593663555584.000000 -0.032153584 0.029003104 -0.002251465 -0.189074934 -0.089612491 0.002658952 0.977861524
1403636594113555456.000000 0.006305781 0.037238788 -0.024485007 -0.174184710 0.066868924 0.060850378 0.980553687
1403636594613555456.000000 0.058346938 0.027603108 0.006982594 -0.152317375 0.140538737 0.063530095 0.976223469
1403636595963555584.000000 0.015885165 0.041008245 -0.003727926 -0.165436760 0.002454833 0.000447023 0.986217260
1403636596363555584.000000 0.022348128 0.047071669 -0.029605811 -0.168714732 0.066969275 0.030107195 0.982926250
1403636596713555456.000000 -0.001765233 0.048078749 -0.051666919 -0.161533758 0.062227640 0.017311746 0.984751225
1403636597213555456.000000 0.006392731 0.038823109 -0.014872557 -0.174810216 0.049999166 -0.000799249 0.983331501
1403636598313555456.000000 -0.005543261 0.040476467 -0.002916432 -0.181822196 -0.067190282 -0.054282941 0.979530275
1403636598763555840.000000 0.004448387 0.048131097 0.015024158 -0.144656509 -0.079718426 -0.056483064 0.984646678
1403636599213555456.000000 0.009469268 0.057458799 0.041550547 -0.046562862 -0.103312440 -0.042284407 0.992658317
1403636600463555584.000000 0.011860880 0.063509300 0.052466325 0.018770080 -0.086155735 -0.018390076 0.995935082
1403636611913555712.000000 0.012004673 0.063574500 0.052448597 0.018927252 -0.085742593 -0.018710107 0.995961785
1403636621213555456.000000 0.012007244 0.063569568 0.052483425 0.019428821 -0.085764594 -0.018454541 0.995954990
1403636624713555456.000000 0.017936913 0.064763226 0.049434248 -0.003898410 -0.068998419 -0.027854884 0.997220218
1403636625063555840.000000 0.028586371 0.062539041 0.039532818 -0.031667061 -0.056540981 -0.069697648 0.995460987
1403636626513555456.000000 0.020491904 -0.007519498 0.036652375 0.001826111 -0.080091216 -0.037714206 0.996072173
1403636626963555584.000000 0.029287769 -0.003301522 0.037262119 -0.005772041 -0.081463523 -0.053822372 0.995205283
1403636627613555456.000000 0.041979957 -0.012380979 0.025391992 -0.008700629 -0.074493043 -0.045126904 0.996161997
1403636629063555840.000000 0.090763196 -0.038980410 0.038396135 -0.027985839 -0.001033174 -0.023245223 0.999337494
1403636629513555456.000000 0.116624273 -0.050975423 0.053590808 -0.012213775 0.035777625 0.003118976 0.999280274
1403636629963555584.000000 0.153677300 -0.041278064 0.081230976 -0.037408669 0.122689106 0.026713153 0.991380036
1403636630313555456.000000 0.186074927 -0.047031768 0.108580686 -0.006513342 0.155143857 0.032571379 0.987333298
1403636630663555584.000000 0.216052160 -0.068569928 0.130652025 -0.017645881 0.156427205 0.021572514 0.987296224
1403636631063555840.000000 0.248014405 -0.084450118 0.160201386 -0.017034570 0.144785494 0.027037077 0.988946915
1403636631863555584.000000 0.306150734 -0.092646442 0.229878142 -0.013960290 0.139922738 0.015912551 0.989936113
1403636632663555584.000000 0.341378123 -0.102560468 0.295701653 -0.029046549 0.124623023 0.031554006 0.991276860
1403636633513555456.000000 0.373140752 -0.116085373 0.380779415 -0.027747137 0.024655566 -0.013273457 0.999222696
1403636633913555712.000000 0.388858825 -0.125892580 0.430962473 -0.030291362 0.032144096 -0.002210111 0.999021709
1403636634363555584.000000 0.414455861 -0.150210902 0.491472274 -0.021320213 0.034611415 -0.006862937 0.999149859
1403636634763555840.000000 0.439574689 -0.168449849 0.549249589 -0.007490469 0.021919223 -0.024650535 0.999427736
1403636635213555456.000000 0.462524593 -0.191168189 0.605934739 -0.021771800 -0.001263109 -0.033772342 0.999191582
1403636635713555456.000000 0.483136743 -0.217596680 0.675717294 -0.025195291 -0.009217705 -0.017729241 0.999482870
1403636636263555840.000000 0.518049777 -0.277116448 0.750438809 -0.019676611 -0.002206968 -0.026393924 0.999455512
1403636636713555456.000000 0.548885703 -0.324006319 0.809061050 0.012578369 0.005556214 -0.049845520 0.998662293
1403636637263555840.000000 0.564483464 -0.334806561 0.865574360 -0.013648013 -0.005886240 -0.033622529 0.999324083
1403636637913555712.000000 0.567480922 -0.368212372 0.918054283 -0.016254965 -0.013321176 -0.033918455 0.999203622
1403636638413555712.000000 0.567296505 -0.381365359 0.964054286 -0.023804953 -0.019281132 -0.022539040 0.999276519
1403636638913555712.000000 0.575989902 -0.392272502 1.020027518 -0.026825983 -0.019976825 -0.026330192 0.999093592
1403636639363555584.000000 0.593944848 -0.414212137 1.080569148 -0.025717121 -0.026217882 -0.010001074 0.999275386
1403636639763555840.000000 0.621055841 -0.413325727 1.144555211 -0.008647315 -0.017940152 -0.039903808 0.999005020
1403636641363555584.000000 0.689040065 -0.456408918 1.310320616 -0.007523928 -0.057371654 -0.042683873 0.997411668
1403636641813555456.000000 0.703152239 -0.458518088 1.341221809 -0.006640275 -0.053018056 -0.047330245 0.997449219
1403636642063555840.000000 0.710788429 -0.469341099 1.352337480 -0.002992870 -0.040486529 -0.042157557 0.998285830
1403636642963555584.000000 0.736758173 -0.474805683 1.382362604 -0.027413417 0.004431370 -0.022162084 0.999368668
1403636643313555456.000000 0.746983230 -0.479696810 1.394332170 -0.012041759 0.002646026 -0.020652395 0.999710739
1403636643863555584.000000 0.767028332 -0.497312903 1.415423155 -0.043829489 -0.001328364 -0.025839392 0.998703957
1403636644113555456.000000 0.776294470 -0.508526266 1.435767055 -0.050334260 -0.000680853 -0.028160056 0.998335123
1403636644363555584.000000 0.785686255 -0.517401814 1.463901520 -0.021179911 -0.007039288 -0.007943294 0.999719381
1403636644663555584.000000 0.803056180 -0.516853452 1.502502799 -0.000270379 -0.010978844 0.005016236 0.999927163
1403636645013555456.000000 0.833898306 -0.502184153 1.544181466 -0.015034307 0.003544669 -0.027960604 0.999489665
1403636645913555712.000000 0.902770221 -0.520163536 1.676906466 -0.038241103 0.006585273 -0.023426941 0.998972178
1403636646263555840.000000 0.929820418 -0.554817259 1.739539623 -0.012392733 0.047882773 0.011617945 0.998708546
1403636646613555456.000000 0.966584265 -0.580655992 1.797849417 0.012742326 0.130959585 0.030208759 0.990845442
1403636646913555712.000000 0.998640418 -0.610389292 1.834898472 0.006133033 0.156674057 0.032585487 0.987093627
1403636647313555456.000000 1.036326528 -0.639249384 1.874134779 -0.007407142 0.157197177 0.033562053 0.986968994
1403636647863555584.000000 1.091142774 -0.659750521 1.916279316 0.006802757 0.156361610 0.038011968 0.986944735
1403636648513555456.000000 1.165392399 -0.652593434 1.944720507 0.005794047 0.297554731 0.084487826 0.950941324
1403636649613555456.000000 1.278006792 -0.689983726 1.933786154 0.000392785 0.341971427 0.091986224 0.935197294
1403636650263555840.000000 1.327162862 -0.716255188 1.908808470 0.012890812 0.395642757 0.104276389 0.912374437
1403636650863555584.000000 1.358628273 -0.695216179 1.878229976 -0.003364832 0.494223535 0.146841064 0.856836975
1403636651963555584.000000 1.370261788 -0.687263250 1.805338979 0.025154417 0.504315495 0.157060876 0.848743200
1403636652463555584.000000 1.364010930 -0.645819902 1.756795645 -0.007845563 0.624489784 0.206038356 0.753325403
1403636653263555840.000000 1.379105568 -0.617125273 1.672099113 -0.006526809 0.656330168 0.203266501 0.726547241
1403636653463555584.000000 1.387451530 -0.612759233 1.653553367 -0.001564911 0.652396560 0.193575203 0.732737958
1403636653663555584.000000 1.393946171 -0.612936139 1.635538936 0.001271068 0.647472978 0.190237403 0.737961292
1403636653863555584.000000 1.397894979 -0.611361504 1.617453218 0.006874664 0.646708250 0.183304429 0.740351737
1403636654713555456.000000 1.389443755 -0.594956636 1.551419616 -0.001916788 0.704104841 0.223770812 0.673913479
1403636654913555712.000000 1.382981062 -0.591505468 1.535848975 -0.005025640 0.716527879 0.229715347 0.658629954
1403636655113555456.000000 1.377741814 -0.585770845 1.521257639 0.006554345 0.725522459 0.219217405 0.652317345
1403636655363555584.000000 1.367374659 -0.575837135 1.508543134 0.018019672 0.733612359 0.217542231 0.643555403
1403636655613555456.000000 1.350219250 -0.566922069 1.494196773 0.014595852 0.748385727 0.232765660 0.620907307
1403636656013555456.000000 1.316679716 -0.539696813 1.471934915 0.009582880 0.778948128 0.269144446 0.566312015
1403636656213555456.000000 1.300666571 -0.527256429 1.457626581 0.003336222 0.793494403 0.271740526 0.544529736
1403636656363555584.000000 1.289394021 -0.523082495 1.444152355 -0.000273038 0.797117770 0.274826914 0.537655413
1403636656613555456.000000 1.272359014 -0.523294210 1.416731477 -0.003134806 0.798146963 0.271461219 0.537829340
1403636656813555456.000000 1.261441112 -0.521636963 1.395419121 0.010166987 0.802817822 0.249720857 0.541312933
1403636657013555456.000000 1.248198032 -0.514657915 1.376597404 0.015000193 0.802983642 0.240197524 0.545249879
1403636657213555456.000000 1.232012868 -0.503453612 1.359709024 0.023372011 0.799548209 0.243185744 0.548668623
1403636657413555712.000000 1.211873651 -0.494303972 1.341742754 0.020255134 0.794295669 0.257749289 0.549772143
1403636657613555456.000000 1.189485908 -0.484534740 1.325628996 0.013770108 0.790329576 0.271856815 0.548892915
1403636657813555456.000000 1.167164326 -0.469718158 1.306109428 0.016386149 0.791794479 0.273722649 0.545773804
1403636658013555456.000000 1.144382000 -0.454705060 1.284870148 0.019774353 0.790659845 0.286416650 0.540769339
1403636658263555840.000000 1.117197037 -0.439539224 1.249042511 -0.000685146 0.798099756 0.274393350 0.536418200
1403636658463555584.000000 1.097552419 -0.426137030 1.220702648 -0.010959761 0.801131725 0.270752430 0.533630013
1403636658663555584.000000 1.080417037 -0.411034286 1.192796230 -0.022234324 0.804318845 0.263222843 0.532250464
1403636658913555712.000000 1.064792156 -0.391192228 1.161633253 -0.021488858 0.809650660 0.248000607 0.531507075
1403636659063555840.000000 1.057341814 -0.378742278 1.147310734 -0.006837216 0.810826480 0.245660216 0.531191826
1403636659263555840.000000 1.046583772 -0.360406846 1.130379438 0.000575390 0.811076522 0.243476376 0.531858921
1403636659463555584.000000 1.034208775 -0.344867766 1.117706299 -0.009270971 0.807610452 0.254522681 0.531881213
1403636659613555456.000000 1.025269985 -0.337742448 1.107147098 -0.010869371 0.807700694 0.254771560 0.531594694
1403636659763555840.000000 1.017250538 -0.329106569 1.099071026 -0.008373317 0.810459375 0.250333011 0.529545903
1403636659963555584.000000 1.006099820 -0.313981682 1.091529131 -0.011625837 0.810765684 0.254458815 0.527043343
1403636660213555456.000000 0.994395137 -0.291948140 1.087142706 -0.021275096 0.807528615 0.268645942 0.524665892
1403636660413555712.000000 0.989027619 -0.275319576 1.084715009 -0.034168497 0.802342892 0.284760922 0.523440242
1403636660863555584.000000 0.999478102 -0.245510623 1.078351498 -0.027636107 0.816166222 0.240243390 0.524778128
1403636661113555456.000000 1.010205269 -0.224492654 1.085180044 -0.014953634 0.816107512 0.239254355 0.525834799
1403636661313555456.000000 1.018060923 -0.208394915 1.096568346 -0.004990199 0.815379560 0.241872415 0.525955439
1403636661563555840.000000 1.026002645 -0.198777214 1.111346960 -0.003619282 0.813553572 0.246012852 0.526873052
1403636661813555456.000000 1.030278563 -0.199149922 1.127090454 0.009743464 0.810928106 0.251152515 0.528415680
1403636662213555456.000000 1.027100801 -0.213953182 1.147845507 0.006643193 0.811368406 0.247286856 0.529609799
1403636662463555584.000000 1.020171881 -0.219044387 1.162574053 -0.013921783 0.811687648 0.250592738 0.527420700
1403636662713555456.000000 1.014935374 -0.220715746 1.181678534 0.001810514 0.805409670 0.273554087 0.525813937
1403636663013555456.000000 1.010098934 -0.214426726 1.202520251 0.008850616 0.801193297 0.288837582 0.524007499
1403636663313555456.000000 1.006362796 -0.206976399 1.211424828 -0.010541448 0.802365720 0.289085090 0.522042215
1403636663613555456.000000 1.011017203 -0.190660268 1.214334607 -0.044773202 0.802414834 0.287212253 0.521186054
1403636663863555584.000000 1.028224230 -0.176471949 1.218150020 -0.059710898 0.807510197 0.266829997 0.522650540
1403636664113555456.000000 1.057071924 -0.174534470 1.224759817 -0.051927622 0.813419521 0.239192799 0.527673364
1403636664663555584.000000 1.136338472 -0.172354281 1.272247076 -0.000869015 0.802575946 0.237998709 0.547017097
1403636664963555584.000000 1.172660351 -0.176246583 1.307984591 -0.007823299 0.795196891 0.243115604 0.555423737
1403636665313555456.000000 1.212677598 -0.194378614 1.346015573 0.001681280 0.785952508 0.259729117 0.561085105
1403636665663555584.000000 1.251438498 -0.215926170 1.379540563 -0.020529365 0.791610777 0.247592136 0.558237553
1403636666013555456.000000 1.290310264 -0.242146954 1.417680383 0.011804347 0.793144226 0.253197312 0.553781569
1403636666863555584.000000 1.353326201 -0.279865980 1.506893635 -0.010263099 0.783491969 0.268056333 0.560518444
1403636667413555712.000000 1.391434073 -0.292079210 1.547582626 -0.004497588 0.790405095 0.240107298 0.563549399
1403636667863555584.000000 1.421179414 -0.299605131 1.580724239 -0.001510995 0.779673338 0.269917458 0.565023720
1403636668363555584.000000 1.460236549 -0.300460696 1.610073090 -0.016472414 0.787768304 0.263868064 0.556348264
1403636668763555840.000000 1.498971462 -0.288093239 1.637772322 -0.021966713 0.796629727 0.252694190 0.548674941
1403636669213555456.000000 1.548295379 -0.295108587 1.679279566 -0.003485901 0.802702725 0.240238488 0.545840204
1403636669613555456.000000 1.582913160 -0.300411284 1.728124380 0.007134234 0.806174517 0.227683857 0.546069443
1403636669963555584.000000 1.599711418 -0.313852161 1.779333591 0.051066149 0.793301404 0.253807843 0.551041484
1403636670413555712.000000 1.587408304 -0.337111562 1.821822047 0.093712442 0.767625093 0.276569039 0.570507944
1403636670963555584.000000 1.509813547 -0.347292453 1.792243600 0.109108254 0.685215652 0.271338999 0.667045772
1403636671463555584.000000 1.393851519 -0.336387843 1.659487605 0.011817143 0.610332906 0.203939348 0.765351474
1403636672063555840.000000 1.274520516 -0.308966219 1.478185415 -0.084389396 0.572868407 0.211347446 0.787421405
1403636672613555456.000000 1.252319574 -0.315394849 1.371677279 -0.041621953 0.599369049 0.152417511 0.784724951
1403636673363555584.000000 1.248932600 -0.284283012 1.336947918 -0.066735357 0.532137811 0.170498431 0.826623261
1403636674313555456.000000 1.301996946 -0.300367683 1.394982338 -0.016145803 0.525504172 0.150618717 0.837197006
1403636675213555456.000000 1.360212684 -0.278468788 1.492441654 -0.052655209 0.473692566 0.162006110 0.864058316
1403636676763555840.000000 1.508504987 -0.309686363 1.728373528 -0.020908764 0.259981960 0.058353450 0.963621914
1403636677413555712.000000 1.541742086 -0.330251038 1.841563940 0.001191076 0.235790297 0.031888530 0.971279919
1403636677963555584.000000 1.542998075 -0.354365140 1.910621762 -0.005910533 0.115662307 0.040353805 0.992450953
1403636678863555584.000000 1.558865070 -0.391511083 1.978810430 -0.013553597 -0.044400860 -0.077378824 0.995920420
1403636679413555712.000000 1.543972373 -0.395464420 2.009422779 -0.000250930 -0.179948911 -0.086276978 0.979885042
1403636679763555840.000000 1.532393694 -0.406245232 2.015849829 -0.008574204 -0.239433318 -0.105866060 0.965085745
1403636680063555840.000000 1.526091695 -0.427240551 2.012854576 0.013081803 -0.239893779 -0.131777450 0.961724818
1403636680413555712.000000 1.514811277 -0.445599496 1.995328784 0.019099623 -0.224459514 -0.155723915 0.961770892
1403636680713555456.000000 1.493863940 -0.443411469 1.969619036 0.007954082 -0.218578666 -0.149082303 0.964331150
1403636681063555840.000000 1.458191395 -0.430045396 1.930126667 -0.038996153 -0.229367435 -0.104770124 0.966898680
1403636681413555712.000000 1.420742035 -0.412249684 1.902265668 -0.008881224 -0.228110820 -0.114674151 0.966817677
1403636682113555456.000000 1.342057467 -0.393714994 1.836817861 -0.001196333 -0.241152853 -0.112922929 0.963894367
1403636682463555584.000000 1.299807668 -0.387160122 1.794682026 -0.022902468 -0.240142882 -0.111224644 0.964072585
1403636682863555584.000000 1.255271435 -0.372003615 1.754029274 0.002954370 -0.233850509 -0.110081732 0.966016173
1403636683263555840.000000 1.211191058 -0.359810084 1.704787731 0.000840203 -0.232005969 -0.112572335 0.966178060
1403636683963555584.000000 1.139099836 -0.315972090 1.613011479 -0.019428516 -0.243719563 -0.110772535 0.963303089
1403636684313555456.000000 1.104398489 -0.309923470 1.566933632 -0.007655886 -0.251351506 -0.109252915 0.961679578
1403636684663555584.000000 1.073838949 -0.299972594 1.522162557 -0.002894333 -0.258424014 -0.100592114 0.960775673
1403636685363555584.000000 1.034624219 -0.260354102 1.431873322 -0.008282025 -0.242734790 -0.125091285 0.961958110
1403636685763555840.000000 1.009463787 -0.240671724 1.374850869 -0.007661927 -0.239141047 -0.118281536 0.963723183
1403636686163555584.000000 0.982279181 -0.210126683 1.320611596 -0.014047383 -0.242420763 -0.110913821 0.963707924
1403636686563555840.000000 0.953733087 -0.193606496 1.265642166 -0.022912117 -0.242049158 -0.107598342 0.964007199
1403636686963555584.000000 0.926459074 -0.174926788 1.220453382 -0.016214788 -0.245042458 -0.106284626 0.963532507
1403636687763555840.000000 0.882905006 -0.147010416 1.145420551 -0.006458359 -0.251535892 -0.101249225 0.962515771
1403636688163555584.000000 0.870393038 -0.109241076 1.116555095 -0.004554641 -0.248074278 -0.115788549 0.961785555
1403636688563555840.000000 0.858006597 -0.077913851 1.083180547 -0.007143770 -0.247569904 -0.119400449 0.961458087
1403636688963555584.000000 0.840697646 -0.041311555 1.049988747 -0.012485399 -0.256505191 -0.128014654 0.957946539
1403636689313555456.000000 0.818370938 -0.026342060 1.015335321 -0.026315153 -0.279750764 -0.123965256 0.951672018
1403636689663555584.000000 0.792849302 -0.030587699 0.982584655 -0.034728762 -0.288380355 -0.122002989 0.949076414
1403636689963555584.000000 0.770572782 -0.037593082 0.964578390 -0.048700288 -0.293305695 -0.096603274 0.949877858
1403636690413555712.000000 0.743563116 -0.049204409 0.965747714 -0.040131729 -0.280606985 -0.119254224 0.951539636
1403636690763555840.000000 0.722089946 -0.064254589 0.981236458 -0.039142080 -0.293621153 -0.078338265 0.951902092
1403636691063555840.000000 0.715783119 -0.064738862 1.010420799 -0.002849724 -0.305869877 -0.043796536 0.951061189
1403636691413555712.000000 0.743100882 -0.078332886 1.043081999 0.025226492 -0.295667559 -0.092274390 0.950489283
1403636691813555456.000000 0.797455788 -0.110587217 1.059625030 -0.005270293 -0.291633248 -0.127930835 0.947921932
1403636692313555456.000000 0.867873132 -0.142136768 1.073813915 -0.001600827 -0.291058570 -0.124229126 0.948603988
1403636693013555456.000000 0.954480648 -0.212833256 1.064525962 -0.015499267 -0.272431970 -0.157570496 0.949058592
1403636693613555456.000000 0.988692999 -0.242719993 1.057136655 -0.058309965 -0.283617169 -0.136597663 0.947365999
1403636694563555840.000000 0.993564785 -0.271720231 1.101725221 -0.016866462 -0.291864276 -0.126793876 0.947868168
1403636695063555840.000000 0.994949698 -0.272817433 1.126778603 -0.020501209 -0.292514354 -0.108555764 0.949858248
1403636695613555456.000000 1.004373550 -0.287016660 1.153832197 -0.008372963 -0.277983934 -0.127018467 0.952114046
1403636696363555584.000000 1.009357691 -0.282976329 1.184089184 -0.009216482 -0.270086437 -0.129292265 0.954071224
1403636698413555712.000000 0.943064988 -0.271333903 1.114748120 -0.014734909 -0.146055803 -0.086362690 0.985389292
1403636699113555456.000000 0.888044834 -0.229983911 1.088833928 -0.018422656 0.025865719 -0.012712053 0.999414802
1403636700213555456.000000 0.851619959 -0.207038701 1.058146715 -0.008200365 0.230212331 0.076453827 0.970097899
1403636701513555456.000000 0.905117154 -0.142552406 1.027229309 -0.019908076 0.286336005 0.080225840 0.954557061
1403636702763555840.000000 0.984971106 -0.097130418 1.020397663 -0.029242469 0.396284342 0.113416217 0.910626352
1403636703963555584.000000 1.079442620 -0.068280086 1.051875472 -0.004589790 0.386316299 0.114347786 0.915239513
1403636704963555584.000000 1.170291543 -0.058050305 1.078382730 -0.054156695 0.375085533 0.115772076 0.918136537
1403636705863555584.000000 1.281226158 -0.066819653 1.181177616 -0.021733904 0.376969337 0.104615070 0.920042098
1403636706713555456.000000 1.388200521 -0.087529495 1.286716461 -0.025898613 0.374752462 0.093028076 0.922082245
1403636707513555456.000000 1.477103949 -0.143433437 1.393426418 -0.029575787 0.390276134 0.100084804 0.914763868
1403636708313555456.000000 1.567236066 -0.191370949 1.530146718 -0.007397351 0.374746799 0.113773353 0.920090079
1403636710013555456.000000 1.707615137 -0.233501479 1.759119987 -0.016425874 0.394480437 0.089304127 0.914407015
1403636710563555840.000000 1.705219269 -0.245442912 1.844535589 0.001943463 0.354755044 0.113272384 0.928070307
1403636711063555840.000000 1.701392531 -0.240847081 1.913400054 -0.006705792 0.288407803 0.057194799 0.955774426
1403636711613555456.000000 1.682445407 -0.258854121 1.968850851 0.024249556 0.274774194 0.043629084 0.960212290
1403636712313555456.000000 1.616318703 -0.289781600 1.994445086 0.009598482 0.264176160 0.060486209 0.962528050
1403636712963555584.000000 1.536402106 -0.323495269 1.975856662 0.014866758 0.213094845 0.034733821 0.976300716
1403636713613555456.000000 1.444038391 -0.347029030 1.921089888 0.003473378 0.205733776 0.052972835 0.977167070
1403636714363555584.000000 1.356225967 -0.350542784 1.842477083 -0.001600971 0.220246121 0.061306555 0.973514557
1403636715413555712.000000 1.283176064 -0.341838747 1.748809576 -0.024994941 0.084710829 0.004163963 0.996083379
1403636716663555584.000000 1.253072500 -0.327893436 1.666815758 -0.005436273 0.099960230 0.009219877 0.994933844
1403636717763555840.000000 1.226113677 -0.286738366 1.562356353 -0.007242245 -0.015003324 -0.053835176 0.998410881
1403636718663555584.000000 1.144105554 -0.241228670 1.472473979 -0.017889855 -0.149000093 -0.061821051 0.986740649
1403636719763555840.000000 1.063684702 -0.175276056 1.381964445 -0.008398931 -0.159357011 -0.073758386 0.984425962
1403636720913555712.000000 1.024868488 -0.130318508 1.288853049 -0.017211203 -0.141034171 -0.065310165 0.987698197
1403636723313555456.000000 1.028438926 -0.072712742 1.132314682 -0.008650837 -0.022797680 -0.036991846 0.999018073
1403636724563555840.000000 1.007155061 -0.038304165 1.041311741 -0.009769506 0.109051913 0.008396949 0.993952572
1403636726713555456.000000 0.966388881 -0.075027846 0.930341065 -0.000176967 0.099110059 0.037510429 0.994369209
1403636728563555840.000000 0.926088154 -0.140328467 0.800600946 -0.001299741 0.091348119 0.020920770 0.995598435
1403636729863555584.000000 0.851014853 -0.116272800 0.687720716 -0.007234904 0.030098334 -0.020655615 0.999307334
1403636731113555456.000000 0.771354556 -0.097706005 0.591238439 -0.021955973 0.018786320 0.009760714 0.999534786
1403636732463555584.000000 0.764819920 -0.050598487 0.565618813 0.001920563 0.029596852 -0.026701335 0.999203384
1403636733813555456.000000 0.709990799 -0.044995856 0.443781018 -0.015442410 0.019866379 -0.023425655 0.999408901
1403636735063555840.000000 0.624925077 -0.024466205 0.326658010 -0.019170377 0.011627099 -0.022677481 0.999491394
1403636736463555584.000000 0.551085413 -0.049390849 0.255918056 -0.007102128 -0.015395431 -0.035589527 0.999222636
1403636737663555584.000000 0.475383729 -0.029227654 0.211364627 -0.020141132 -0.048473250 -0.034982029 0.998008490
1403636739513555456.000000 0.467513055 -0.040834971 0.201403975 -0.009066071 0.200864807 0.044295587 0.978574991
1403636740563555840.000000 0.512419105 -0.001255105 0.216047660 -0.002117140 0.233782828 0.058264319 0.970539212
1403636741813555456.000000 0.543123484 0.088913739 0.225110129 -0.019864535 0.254177064 0.070133805 0.964406908
1403636743113555456.000000 0.569707870 0.133328706 0.257757932 -0.015962569 0.239421800 0.067205682 0.968455374
1403636744313555456.000000 0.637408853 0.189807996 0.350388288 0.003409962 0.290601045 0.079324827 0.953544438
1403636745563555840.000000 0.707785606 0.310136527 0.433321029 0.004612266 0.276776999 0.070155382 0.958358705
1403636746763555840.000000 0.703946292 0.279496461 0.446220696 -0.027184572 0.299937874 0.098069921 0.948514938
1403636748063555840.000000 0.674586117 0.208738536 0.483956516 0.001829624 0.307401091 0.109514475 0.945255458
1403636749813555456.000000 0.692900300 0.112904608 0.509211302 0.006877266 0.333621651 0.077387020 0.939500213
1403636751663555584.000000 0.630176365 -0.011944704 0.436023176 -0.002017828 0.291492313 0.099293716 0.951403677
1403636753013555456.000000 0.625707090 -0.097778149 0.406679720 -0.010605196 0.135202810 0.006926957 0.990736961
1403636754313555456.000000 0.575721264 -0.097566627 0.398569286 0.009912285 0.022930942 -0.031653639 0.999186695
1403636756463555584.000000 0.354428083 -0.071706034 0.249627545 -0.000681159 -0.057234365 -0.053623479 0.996919453
1403636757613555456.000000 0.213644236 -0.037212700 0.136506975 -0.016633183 -0.070378192 -0.064817406 0.995273292
1403636758613555456.000000 0.079578131 -0.035652425 0.051137485 -0.053456172 -0.110705547 -0.037686098 0.991698802
1403636759513555456.000000 0.014031724 -0.001773278 0.044075351 -0.003469787 -0.109869368 -0.040367600 0.993119955
1403636761113555456.000000 0.007980051 0.053337228 0.021111635 -0.025472321 -0.104641661 -0.069746464 0.991734207
1403636761913555712.000000 -0.016622184 0.056791697 0.023601267 -0.008810188 -0.112074472 -0.041286144 0.992802680
1403636762463555584.000000 -0.027913358 0.053463254 0.022843583 -0.039431598 -0.098696597 -0.069514774 0.991903126
